	17	16	15	14	13	30			layer	steps	multiplier	left corner	right corner		layer	num														
	18	5	4	3	12	29			1	2		5	3		1	1														
	19	6	1	2	11	28			2	4		17	13		2	1														
	20	7	8	9	10	27			3	6	1	37	31		3	2														
	21	22	23	24	25	26			4	8	3	65	57			4														
									5	10	6	101	91			5														
									6	12	10	145	133			10														
	349975	330785	312453	295229	279138	266330	130654		7	14	15	197	183			11														
6591	6444	6155	5733	5336	5022	2450	128204		8	16	21	257	241			23														
13486	147	142	133	122	59	2391	123363		9	18	28	325	307			25														
14267	304	5	4	2	57	2275	116247		10	20	36	401	381			26														
15252	330	10	1	1	54	2105	109476		11	22	45	485	463																	
16295	351	11	23	25	26	1968	103128		12	24	55	577	553																	
17008	362	747	806	880	931	957	98098		13	26	66	677	651																	
17370	35487	37402	39835	42452	45220	47108	48065		14	28	78	785	757																	
									15	30	91	901	871																	
									16	32	105	1025	993																	
									17	34	120	1157	1123																	
									18	36	136	1297	1261																	
									19	38	153	1445	1407																	
									20	40	171	1601	1561																	
									21	42	190	1765	1723																	
									22	44	210	1937	1893																	
									23	46	231	2117	2071																	
									24	48	253	2305	2257																	
									25	50	276	2501	2451																	
									26	52	300	2705	2653																	
									27	54	325	2917	2863																	
									28	56	351	3137	3081																	
									29	58	378	3365	3307																	
									30	60	406	3601	3541																	
									31	62	435	3845	3783																	
									32	64	465	4097	4033																	
									33	66	496	4357	4291																	
									34	68	528	4625	4557																	
									35	70	561	4901	4831																	
									36	72	595	5185	5113																	
									37	74	630	5477	5403																	
									38	76	666	5777	5701																	
									39	78	703	6085	6007																	
									40	80	741	6401	6321																	
									41	82	780	6725	6643																	
									42	84	820	7057	6973																	
									43	86	861	7397	7311																	
									44	88	903	7745	7657																	
									45	90	946	8101	8011																	
									46	92	990	8465	8373																	
									47	94	1035	8837	8743																	
									48	96	1081	9217	9121																	
									49	98	1128	9605	9507																	
									50	100	1176	10001	9901																	
									51	102	1225	10405	10303																	
									52	104	1275	10817	10713																	
									53	106	1326	11237	11131																	
									54	108	1378	11665	11557																	
									55	110	1431	12101	11991																	
									56	112	1485	12545	12433																	
									57	114	1540	12997	12883																	
									58	116	1596	13457	13341																	
									59	118	1653	13925	13807																	
									60	120	1711	14401	14281																	
									61	122	1770	14885	14763																	
									62	124	1830	15377	15253																	
									63	126	1891	15877	15751																	
									64	128	1953	16385	16257																	
									65	130	2016	16901	16771																	
									66	132	2080	17425	17293																	
									67	134	2145	17957	17823																	
									68	136	2211	18497	18361																	
									69	138	2278	19045	18907																	
									70	140	2346	19601	19461																	
									71	142	2415	20165	20023																	
									72	144	2485	20737	20593																	
									73	146	2556	21317	21171																	
									74	148	2628	21905	21757																	
									75	150	2701	22501	22351																	
									76	152	2775	23105	22953																	
									77	154	2850	23717	23563																	
									78	156	2926	24337	24181																	
									79	158	3003	24965	24807																	
									80	160	3081	25601	25441																	
									81	162	3160	26245	26083																	
									82	164	3240	26897	26733																	
									83	166	3321	27557	27391																	
									84	168	3403	28225	28057																	
									85	170	3486	28901	28731																	
									86	172	3570	29585	29413																	
									87	174	3655	30277	30103																	
									88	176	3741	30977	30801																	
									89	178	3828	31685	31507																	
									90	180	3916	32401	32221																	
									91	182	4005	33125	32943																	
									92	184	4095	33857	33673																	
									93	186	4186	34597	34411																	
									94	188	4278	35345	35157																	
									95	190	4371	36101	35911																	
									96	192	4465	36865	36673																	
									97	194	4560	37637	37443																	
									98	196	4656	38417	38221																	
									99	198	4753	39205	39007																	
									100	200	4851	40001	39801																	
									101	202	4950	40805	40603																	
									102	204	5050	41617	41413																	
									103	206	5151	42437	42231																	
									104	208	5253	43265	43057																	
									105	210	5356	44101	43891																	
									106	212	5460	44945	44733																	
									107	214	5565	45797	45583																	
									108	216	5671	46657	46441																	
									109	218	5778	47525	47307																	
									110	220	5886	48401	48181																	
									111	222	5995	49285	49063																	
									112	224	6105	50177	49953																	
									113	226	6216	51077	50851																	
									114	228	6328	51985	51757																	
									115	230	6441	52901	52671																	
									116	232	6555	53825	53593																	
									117	234	6670	54757	54523																	
									118	236	6786	55697	55461																	
									119	238	6903	56645	56407																	
									120	240	7021	57601	57361																	
									121	242	7140	58565	58323																	
									122	244	7260	59537	59293																	
									123	246	7381	60517	60271																	
									124	248	7503	61505	61257																	
									125	250	7626	62501	62251																	
									126	252	7750	63505	63253																	
									127	254	7875	64517	64263																	
									128	256	8001	65537	65281																	
									129	258	8128	66565	66307																	
									130	260	8256	67601	67341																	
									131	262	8385	68645	68383																	
									132	264	8515	69697	69433																	
									133	266	8646	70757	70491																	
									134	268	8778	71825	71557																	
									135	270	8911	72901	72631																	
									136	272	9045	73985	73713																	
									137	274	9180	75077	74803																	
									138	276	9316	76177	75901																	
									139	278	9453	77285	77007																	
									140	280	9591	78401	78121																	
									141	282	9730	79525	79243																	
									142	284	9870	80657	80373																	
									143	286	10011	81797	81511																	
									144	288	10153	82945	82657																	
									145	290	10296	84101	83811																	
									146	292	10440	85265	84973																	
									147	294	10585	86437	86143																	
									148	296	10731	87617	87321																	
									149	298	10878	88805	88507																	
									150	300	11026	90001	89701																	
									151	302	11175	91205	90903																	
									152	304	11325	92417	92113																	
									153	306	11476	93637	93331																	
									154	308	11628	94865	94557																	
									155	310	11781	96101	95791																	
									156	312	11935	97345	97033																	
									157	314	12090	98597	98283																	
									158	316	12246	99857	99541																	
									159	318	12403	101125	100807																	
									160	320	12561	102401	102081																	
									161	322	12720	103685	103363																	
									162	324	12880	104977	104653																	
									163	326	13041	106277	105951																	
									164	328	13203	107585	107257																	
									165	330	13366	108901	108571																	
									166	332	13530	110225	109893																	
									167	334	13695	111557	111223																	
									168	336	13861	112897	112561																	
									169	338	14028	114245	113907																	
									170	340	14196	115601	115261																	
									171	342	14365	116965	116623																	
									172	344	14535	118337	117993																	
									173	346	14706	119717	119371																	
									174	348	14878	121105	120757																	
									175	350	15051	122501	122151																	
									176	352	15225	123905	123553																	
									177	354	15400	125317	124963																	
									178	356	15576	126737	126381																	
									179	358	15753	128165	127807																	
									180	360	15931	129601	129241																	
									181	362	16110	131045	130683																	
									182	364	16290	132497	132133																	
									183	366	16471	133957	133591																	
									184	368	16653	135425	135057																	
									185	370	16836	136901	136531																	
									186	372	17020	138385	138013																	
									187	374	17205	139877	139503																	
									188	376	17391	141377	141001																	
									189	378	17578	142885	142507																	
									190	380	17766	144401	144021																	
									191	382	17955	145925	145543																	
									192	384	18145	147457	147073																	
									193	386	18336	148997	148611																	
									194	388	18528	150545	150157																	
									195	390	18721	152101	151711																	
									196	392	18915	153665	153273																	
									197	394	19110	155237	154843																	
									198	396	19306	156817	156421																	
									199	398	19503	158405	158007																	
									200	400	19701	160001	159601																	
									201	402	19900	161605	161203																	
									202	404	20100	163217	162813																	
									203	406	20301	164837	164431																	
									204	408	20503	166465	166057																	
									205	410	20706	168101	167691																	
									206	412	20910	169745	169333																	
									207	414	21115	171397	170983																	
									208	416	21321	173057	172641																	
									209	418	21528	174725	174307																	
									210	420	21736	176401	175981																	
									211	422	21945	178085	177663																	
									212	424	22155	179777	179353																	
									213	426	22366	181477	181051																	
									214	428	22578	183185	182757																	
									215	430	22791	184901	184471																	
									216	432	23005	186625	186193																	
									217	434	23220	188357	187923																	
									218	436	23436	190097	189661																	
									219	438	23653	191845	191407																	
									220	440	23871	193601	193161																	
									221	442	24090	195365	194923																	
									222	444	24310	197137	196693																	
									223	446	24531	198917	198471																	
									224	448	24753	200705	200257																	
									225	450	24976	202501	202051																	
									226	452	25200	204305	203853																	
									227	454	25425	206117	205663																	
									228	456	25651	207937	207481																	
									229	458	25878	209765	209307																	
									230	460	26106	211601	211141																	
									231	462	26335	213445	212983																	
									232	464	26565	215297	214833																	
									233	466	26796	217157	216691																	
									234	468	27028	219025	218557																	
									235	470	27261	220901	220431																	
									236	472	27495	222785	222313																	
									237	474	27730	224677	224203																	
									238	476	27966	226577	226101																	
									239	478	28203	228485	228007																	
									240	480	28441	230401	229921																	
									241	482	28680	232325	231843																	
									242	484	28920	234257	233773																	
									243	486	29161	236197	235711																	
									244	488	29403	238145	237657																	
									245	490	29646	240101	239611																	
									246	492	29890	242065	241573																	
									247	494	30135	244037	243543																	
									248	496	30381	246017	245521																	
									249	498	30628	248005	247507																	
									250	500	30876	250001	249501																	
									251	502	31125	252005	251503																	
									252	504	31375	254017	253513																	
									253	506	31626	256037	255531																	
									254	508	31878	258065	257557																	
									255	510	32131	260101	259591																	
									256	512	32385	262145	261633																	
									257	514	32640	264197	263683																	
									258	516	32896	266257	265741																	
									259	518	33153	268325	267807																	
									260	520	33411	270401	269881																	
									261	522	33670	272485	271963																	
									262	524	33930	274577	274053																	
									263	526	34191	276677	276151																	
									264	528	34453	278785	278257																	
									265	530	34716	280901	280371																	
									266	532	34980	283025	282493																	
									267	534	35245	285157	284623																	
									268	536	35511	287297	286761																	
									269	538	35778	289445	288907																	
									270	540	36046	291601	291061																	
									271	542	36315	293765	293223																	
									272	544	36585	295937	295393																	
									273	546	36856	298117	297571																	
									274	548	37128	300305	299757																	
									275	550	37401	302501	301951																	
									276	552	37675	304705	304153																	
									277	554	37950	306917	306363																	
									278	556	38226	309137	308581																	
									279	558	38503	311365	310807																	
									280	560	38781	313601	313041																	
									281	562	39060	315845	315283																	
									282	564	39340	318097	317533																	
									283	566	39621	320357	319791		325489															
									284	568	39903	322625	322057		588															
									285	570	40186	324901	324331																	
									286	572	40470	327185	326613		324901															
															324902															
															324903															
															324904															
													552		324905															
															324906															
																														
																														
																														
																														
																														
																														
																														
																														
																														
																														
																														
																														
																														
																														
																														
																														
																														
																														
																														
																														
																														
																														
																														
																														
																														
																														
																														
																														
																														
																														
																														
																														
																														
																														
																														
																														
																														
																														
																														
																														
																														
																														
																														
																														
																														
																														
																														
																														
																														
																														
																														
																														
																														
																														
																														
																														
																														
																														
																														
																														
																														
																														
																														
																														
																														
																														
																														
																														
																														
																														
																														
																														
																														
																														
																														
																														
																														
																														
																														
																														
																														
																														
																														
																														
																														
																														
																														
																														
																														
																														
																														
																														
																														
																														
																														
																														
																														
																														
																														
																														
																														
																														
																														
																														
																														
																														
																														
																														
																														
																														
																														
																														
																														
																														
																														
																														
																														
																														
																														
																														
																														
																														
																														
																														
																														
																														
																														
																														
																														
																														
																														
																														
																														
																														
																														
																														
																														
																														
																														
																														
																														
																														
																														
																														
																														
																														
																														
																														
																														
																														
																														
																														
																														
																														
																														
																														
																														
																														
																														
																														
																														
																														
																														
																														
																														
																														
																														
																														
																														
																														
																														
																														
																														
																														
																														
																														
																														
																														
																														
																														
																														
																														
																														
																														
																														
																														
																														
																														
																														
																														
																														
																														
																														
																														
																														
																														
																														
																														
																														
																														
																														
																														
																														
																														
																														
																														
																														
																														
																														
																														
																														
																														
																														
																														
																														
																														
																														
																														
																														
																														
																														
																														
																														
																														
																														
																														
																														
																														
																														
																														
																														
																														
																														
																														
																														
																														
																														
																														
																														
																														
																														
																														
																														
																														
																														
																														
																														
																														
																														
																														
																														
																														
																														
																														
																														
																														
																														
																														
																														
																														
																														
																														
																														
																														
																														
																														
																														
																														
																														
																														
																														
																														
																														
																														
																														
																														
																														
																														
																														
																														
																														
																														
																														
																														
																														
																														
																														
																														
																														
																														
																														
																														
																														
																														
																														
																														
																														
																														
																														
																														
																														
																														
																														
																														
																														
																														
																														
																														
																														
																														
																														
																														
																														
																														
																														
																														
																														
																														
																														
																														
																														
																														
																														
																														
																														
																														
																														
																														
																														
																														
																														
																														
																														
																														
																														
																														
																														
																														
																														
																														
																														
																														
																														
																														
																														
																														
																														
																														
																														
																														
																														
																														
																														
																														
																														
																														
																														
																														
																														
																														
																														
																														
																														
																														
																														
																														
																														
																														
																														
																														
																														
																														
																														
																														
																														
																														
																														
																														
																														
																														
																														
																														
																														
																														
																														
																														
																														
																														
																														
																														
																														
																														
																														
																														
																														
																														
																														
																														
																														
																														
																														
																														
																														
																														
																														
																														
																														
																														
																														
																														
																														
																														
																														
																														
																														
																														
																														
																														
																														
																														
																														
																														
																														
																														
																														
																														
																														
																														
																														
																														
																														
																														
																														
																														
																														
																														
																														
																														
																														
																														
																														
																														
																														
																														
																														
																														
																														
																														
																														
																														
																														
																														
																														
																														
																														
																														
																														
																														
																														
																														
																														
																														
																														
																														
																														
																														
																														
																														
																														
																														
																														
																														
																														
																														
																														
																														
																														
																														
																														
																														
																														
																														
																														
																														
																														
																														
																														
																														
																														
																														
																														
																														
																														
																														
																														
																														
																														
																														
																														
																														
																														
																														
																														
																														
																														
																														
																														
																														
																														
																														
																														
																														
																														
																														
																														
																														
																														
																														
																														
																														
																														
																														
																														
																														
																														
																														
																														
																														
																														
																														
																														
																														
																														
																														
																														
																														
																														
																														
																														
																														
																														
																														
																														
																														
																														
																														
																														
																														
																														
																														
																														
																														
																														
																														
																														
																														
																														
																														
																														
																														
																														
																														
																														
																														
																														
																														
																														
																														
																														
																														
																														
																														
																														
																														
																														
																														
																														
																														
																														
																														
																														
																														
																														
																														
																														
																														
																														
																														
																														
																														
																														
																														
																														
																														
																														
																														
																														
																														
																														
																														
																														
																														
																														
																														
																														
																														
																														
																														
																														
																														
																														
																														
																														
																														
																														
																														
																														
																														
																														
																														
																														
																														
																														
																														
																														
																														
																														
																														
																														
																														
																														
																														
																														
																														
																														
																														
																														
																														
																														
																														
																														
																														
																														
																														
																														
																														
																														
																														
																														
																														
																														
																														
																														
																														
																														
																														
																														
																														
																														
																														
																														
																														
																														
																														
																														
																														
																														
																														
																														
																														
																														
																														
																														
																														
																														
																														
																														
																														
																														
																														
																														
																														
																														
																														
																														
																														
																														
																														
																														
																														
																														
																														
																														
																														
																														
																														
																														
																														
																														
																														
																														
																														
																														
																														
																														
																														
																														
																														
																														
																														